AUDIO/e1.wav 50 56.4103 58.9744 58.9744 58.9744 58.9744 58.9744 58.9744
58.9744 64.1026 66.2393 66.6667 66.6667 66.6667 66.6667 66.6667 66.6667
66.6667 66.6667 71.3675 80.3419 88.4615 91.0256 91.0256 91.0256 91.0256
91.0256 91.0256 91.0256 87.6068 83.7607 83.3333 83.3333 83.3333 83.3333
83.3333 83.3333 83.3333 83.3333 83.3333 80.7692 78.6325 78.6325 78.6325
78.6325 78.6325 78.6325 78.6325 78.6325 78.6325 78.6325 78.6325 78.6325
76.4957 64.5299 55.9829;
AUDIO/e2.wav 36.3248 17.9487 11.9658 11.9658 11.9658 11.9658 11.9658
11.9658 11.9658 45.2991 58.1197 64.5299 67.094 67.094 67.094 67.094
67.094 67.094 67.094 67.094 67.094 67.094 61.1111 51.7094 51.7094 51.7094
51.7094 51.7094 51.7094 50.8547 86.3248 93.1624 93.1624 93.1624 93.1624
93.1624 93.1624 93.1624 93.1624 61.9658 46.1538 44.4444 44.4444 44.4444
44.4444 44.4444 44.4444 60.6838 60.6838 60.6838 15.3846 6.83761 1.7094
0 0 0 0 0 26.9231 76.9231 88.4615 96.5812 96.5812 96.5812 96.5812 96.5812
96.5812 70.0855 19.2308 5.98291 6.41026 6.41026 6.41026 6.41026 6.41026
6.41026 6.41026 6.41026 40.1709 68.3761 72.6496 72.6496 72.6496 72.6496
73.9316 92.3077 94.4444 95.7265 95.7265 95.7265 95.7265 95.7265 95.7265
95.7265 95.7265 95.7265 95.7265 95.7265 95.7265 95.7265 95.7265;
AUDIO/e3.wav 46.5812 46.5812 79.0598 80.7692 79.9145 79.9145 79.9145
79.9145 79.9145 79.9145 79.9145 45.2991 22.6496 20.5128 20.5128 20.5128
20.5128 20.5128 26.9231 87.1795 100 100 100 100 100 100 100 100 100
100 100 100 100 100 100 100 100 100 100 100 99.5726 99.1453 99.1453
99.1453 99.1453 99.1453 99.1453 99.1453 99.1453 93.1624 84.6154 83.3333
83.3333 85.0427 88.4615 95.7265;
AUDIO/e4.wav 60.6838 64.9573 67.094 67.094 67.094 67.094 67.094 67.094
67.094 67.094 67.094 67.094 71.3675 73.5043 73.5043 73.5043 73.5043
73.5043 73.5043 64.5299 47.4359 34.6154 30.3419 30.3419 30.3419 30.3419
30.3419 30.3419 30.3419 56.4103 59.4017 59.4017 59.4017 59.4017 59.4017
59.4017 59.4017 59.4017 59.4017 59.4017 59.4017 62.8205 54.2735 41.8803
46.5812 46.5812 46.5812 46.5812 46.5812 46.5812 46.5812 46.5812 58.547
69.2308 69.6581 69.2308 69.2308 69.2308 69.2308 69.2308 69.2308;
AUDIO/e5.wav 63.2479 65.812 66.2393 66.2393 66.2393 66.2393 66.2393
66.2393 66.2393 71.7949 76.0684 76.0684 76.0684 76.0684 76.0684 76.0684
76.0684 76.0684 76.0684 76.0684 76.0684 78.6325 79.9145 79.9145 79.9145
79.9145 79.9145 79.9145 79.9145 79.9145 79.9145 79.9145 79.9145 79.0598
76.4957 76.4957 76.4957 76.4957 76.4957 77.3504 87.1795 90.5983 90.5983
90.5983 90.5983 90.5983 90.5983 90.5983 90.5983 90.5983 90.5983 87.6068
83.7607 80.7692 79.0598 79.0598 79.0598 79.0598 79.0598 79.0598 67.9487
49.5727 39.3162 32.0513 31.1966 29.9145 29.9145 29.9145 29.9145 29.9145
29.9145;
AUDIO/e6.wav 50.4273 50.4273 50.4273 50.4273 50.4273 50.4273 50.4273
50.4273 50.4273 73.9316 82.0513 90.1709 90.1709 90.1709 90.1709 90.1709
90.1709 90.1709 90.1709 73.5043 39.7436 43.1624 44.8718 44.8718 44.8718
44.8718 44.8718 44.8718 44.8718 65.812 76.4957 67.9487 67.9487 67.9487
67.9487 67.9487 67.9487 67.9487 67.9487 80.3419 93.1624 93.1624 93.1624
93.1624 93.1624 93.1624 93.1624 93.1624 93.1624 93.1624 93.1624;
AUDIO/e7.wav 49.5727 44.8718 7.26496 0.854701 0 0 0 0 0 5.55556 39.7436
45.2991 51.2821 55.1282 58.1197 58.1197 58.1197 58.1197 58.1197 58.1197
58.1197 58.1197 64.5299 66.2393 66.2393 66.2393 66.2393 66.2393 66.2393
66.2393 52.5641 52.5641 52.5641 52.5641 52.5641 52.5641 52.5641 52.5641
52.5641 52.5641 54.7009 52.5641 40.1709 35.0427 35.0427 35.0427 35.0427
35.0427 35.0427 35.0427 22.6496 7.69231 1.7094 0 0 0;
AUDIO/e8.wav 50 18.3761 8.97436 8.97436 7.26496 7.26496 7.26496 7.26496
7.26496 7.26496 16.2393 19.6581 19.6581 19.6581 19.6581 19.6581 19.6581
19.6581 19.6581 19.6581 25.2137 27.3504 27.3504 27.3504 27.3504 27.3504
27.3504 27.3504 27.3504 67.5214 79.9145 95.2991 95.2991 95.2991 95.2991
95.2991 95.2991 94.8718 87.6068 87.6068 61.9658 35.8974 24.7863 25.2137
26.0684 26.0684 26.0684 26.0684 31.6239 44.4444 49.1453 49.1453 53.4188
53.4188 53.4188 8.11966 0 0 0 7.26496 8.97436 34.6154 42.735 43.5897
44.0171 44.0171 44.0171 44.0171 44.0171 41.8803 22.6496 9.82906 0 0
0 0 0 0 5.12821 36.7521 84.6154 85.4701 85.4701 85.4701 85.4701 85.4701
85.4701 85.4701 44.0171 10.6838 0 0 0 0 0 0;
AUDIO/e9.wav 50 54.7009 58.1197 58.1197 58.1197 58.1197 58.1197 58.1197
58.1197 58.1197 63.6752 63.6752 63.6752 63.6752 63.6752 63.6752 63.6752
63.6752 63.6752 63.6752 65.3846 67.9487 67.9487 67.9487 67.9487 67.9487
67.9487 67.9487 67.9487 67.9487 73.5043 81.6239 86.7521 86.7521 86.7521
86.7521 86.7521 86.7521 86.7521 86.7521 86.7521 86.7521 86.7521 85.4701
83.7607 83.7607 83.7607 83.7607 83.7607 83.7607 83.7607 83.7607 88.4615
91.0256 91.0256 90.5983 90.5983 90.5983 90.5983 90.5983 90.5983;
AUDIO/e10.wav 78.2051 78.2051 78.2051 78.2051 78.2051 78.2051 78.2051
78.2051 78.2051 67.094 67.094 67.094 67.094 67.094 67.094 67.094 67.094
67.094 67.094 67.094 64.5299 53.8462 41.0256 37.6068 37.6068 37.6068
37.6068 37.6068 43.1624 56.4103 56.8376 57.6923 57.6923 57.6923 57.6923
57.6923 57.6923 57.6923 57.6923 74.359 74.359 74.359 74.359 74.359
74.359 74.359 74.359 74.359 74.359 74.359 80.3419 82.0513 82.0513 82.0513
82.0513 82.0513 82.0513 82.0513 82.0513 82.0513 82.0513;
AUDIO/e11.wav 57.265 57.265 57.265 57.265 57.265 57.265 57.265 57.265
57.265 57.265 32.906 32.906 32.906 32.906 32.906 32.906 32.906 32.906
32.906 32.906 48.7179 58.1197 65.3846 66.2393 66.2393 66.2393 66.2393
66.2393 66.2393 58.547 57.6923 58.547 58.547 58.547 58.547 58.547 58.547
58.547 58.547 58.547 58.547 60.2564 66.6667 67.9487 67.9487 67.9487
67.9487 67.9487 67.9487 67.9487 74.359 74.359 74.359 74.359 74.359
74.359 74.359 74.359 74.359 74.359 74.359;
AUDIO/e12.wav 39.7436 32.4786 26.4957 18.8034 18.3761 18.3761 18.3761
18.3761 18.3761 18.8034 38.0342 47.8632 48.7179 48.7179 48.7179 48.7179
48.7179 48.7179 48.7179 38.8889 28.6325 20.9402 20.5128 18.8034 17.9487
17.9487 17.9487 17.9487 17.9487 17.9487 17.9487 17.9487 26.4957 26.9231
26.9231 26.9231 26.9231 26.9231 26.9231 26.9231 29.0598 35.4701 42.735
42.735 42.735 42.735 42.735 42.735 42.735 42.735 42.735 55.1282 57.265
57.265 57.265 57.265 57.265 57.265 57.265 57.265 57.265;
