AUDIO/e1.wav 18.8034 4.2735 0 0 0 0 0 0 0 2.99145 9.40171 14.5299 14.5299
14.5299 14.5299 14.5299 14.5299 14.5299 14.5299 30.7692 46.1538 54.2735
60.6838 60.6838 60.6838 60.6838 60.6838 60.6838 60.6838 52.1368 24.359
24.359 24.359 24.359 24.359 24.359 24.359 24.359 24.359 24.359 40.5983
68.8034 74.359 74.359 74.359 74.359 74.359 74.359 73.9316 14.1026 0
0 0 0 0 0;
AUDIO/e2.wav 8.11966 5.98291 5.98291 5.98291 5.98291 5.98291 5.98291
5.98291 5.98291 5.98291 13.2479 15.3846 15.3846 15.3846 15.3846 15.3846
15.3846 15.3846 15.3846 22.6496 31.1966 49.5727 56.8376 56.8376 56.8376
56.8376 56.8376 56.8376 56.8376 56.8376 52.1368 30.3419 29.0598 35.4701
42.3077 64.9573 66.6667 66.6667 66.6667 65.812 65.3846 64.1026 55.9829
55.9829 53.4188 48.2906 48.2906 48.2906 48.2906 48.2906 22.6496 15.3846
5.12821 5.12821 5.12821 5.12821 5.12821 5.12821 5.12821 20.0855 34.6154
47.0085 47.0085 47.0085 50.4273 53.4188 53.4188 53.4188 41.453 19.6581
11.1111 10.6838 10.6838 10.6838 6.83761 6.83761 6.83761 6.83761 8.11966
48.7179 61.5385 69.2308 73.5043 73.5043 73.5043 73.5043 73.5043 72.6496
74.359 79.0598 74.7863 74.7863 74.7863 74.7863 74.7863 74.7863 74.7863
74.7863 74.7863 74.7863 74.7863;
AUDIO/e3.wav 50 50 40.1709 34.6154 32.0513 32.0513 32.0513 32.0513
32.0513 32.0513 48.7179 67.094 67.094 67.094 67.094 67.094 67.094 67.094
73.9316 79.0598 79.9145 79.9145 79.9145 79.9145 79.9145 79.9145 79.9145
83.7607 95.2991 98.2906 98.2906 98.2906 98.2906 98.2906 98.2906 98.2906
98.2906 98.2906 98.2906 98.2906 98.2906 98.2906 98.2906 98.2906 98.2906
98.2906 98.2906 98.2906 98.2906 98.2906 100 100 100 100 100 100;
AUDIO/e4.wav 83.3333 81.1966 81.1966 81.1966 81.1966 81.1966 81.1966
81.1966 81.1966 81.1966 83.7607 83.7607 86.3248 86.3248 86.3248 86.3248
86.3248 86.3248 86.3248 73.9316 41.453 26.4957 12.8205 4.70085 3.4188
3.4188 3.4188 3.4188 3.4188 8.54701 34.188 70.9402 73.9316 70.9402
69.6581 69.6581 69.6581 69.6581 73.0769 76.0684 76.4957 76.4957 76.4957
76.4957 76.4957 76.4957 76.4957 76.4957 76.4957 76.4957 81.6239 84.6154
84.6154 84.6154 84.6154 84.6154 84.6154 84.6154 84.6154 84.6154 84.6154
;
AUDIO/e5.wav 50 56.4103 56.4103 56.4103 56.4103 56.4103 56.4103 56.4103
56.4103 60.2564 61.9658 63.2479 64.5299 64.5299 64.5299 64.5299 64.5299
64.5299 64.5299 59.8291 43.5897 42.3077 42.735 43.1624 43.1624 43.1624
43.1624 43.1624 43.1624 43.1624 43.1624 43.1624 43.1624 42.735 42.735
42.735 42.735 42.735 42.735 56.4103 64.1026 64.1026 64.1026 64.1026
64.1026 64.1026 64.1026 64.1026 64.1026 64.1026 66.6667 66.6667 66.6667
66.6667 66.6667 66.6667 66.6667 66.6667 61.1111 38.0342 19.2308 9.82906
2.13675 2.13675 2.13675 2.13675 2.13675 2.13675 2.13675 2.13675 2.13675
;
AUDIO/e6.wav 26.0684 5.12821 3.4188 3.4188 3.4188 3.4188 3.4188 3.4188
3.4188 9.40171 16.6667 16.6667 16.6667 16.6667 16.6667 16.6667 16.6667
16.6667 12.8205 2.13675 2.13675 2.13675 2.13675 2.13675 2.13675 2.13675
2.13675 2.13675 2.13675 2.13675 13.2479 14.1026 14.1026 14.1026 14.1026
14.1026 14.1026 14.1026 28.2051 31.1966 28.2051 28.2051 28.2051 28.2051
28.2051 28.2051 28.2051 28.2051 28.2051 28.2051 28.2051;
AUDIO/e7.wav 20.9402 14.5299 13.6752 13.2479 9.82906 7.26496 7.26496
7.26496 7.26496 18.3761 28.6325 28.6325 55.9829 72.2222 72.2222 71.7949
71.7949 71.7949 71.7949 71.7949 71.7949 71.7949 77.3504 82.0513 82.0513
82.0513 82.0513 82.0513 82.0513 82.0513 82.0513 69.2308 67.094 67.5214
67.5214 67.5214 67.5214 67.5214 67.5214 79.4872 87.6068 89.3162 89.3162
89.3162 89.3162 89.3162 89.3162 89.3162 50.8547 22.2222 11.1111 8.54701
8.54701 8.54701 8.54701 8.54701;
AUDIO/e8.wav 4.2735 1.7094 1.7094 1.7094 1.7094 1.7094 1.7094 1.7094
1.7094 1.7094 8.11966 13.6752 22.2222 25.2137 25.2137 25.2137 25.2137
25.2137 25.2137 37.1795 53.4188 62.8205 71.7949 77.3504 77.3504 77.3504
77.3504 77.3504 77.3504 77.3504 77.7778 87.1795 90.5983 90.5983 90.5983
90.5983 90.5983 90.5983 90.5983 90.5983 82.0513 82.0513 82.0513 82.0513
82.0513 82.0513 82.0513 82.0513 74.7863 30.7692 27.3504 17.5214 15.812
12.3932 11.9658 11.9658 11.9658 11.9658 32.0513 45.2991 55.9829 57.6923
67.9487 72.2222 78.6325 78.6325 78.6325 78.6325 38.0342 19.6581 12.8205
9.40171 9.40171 9.40171 9.40171 9.40171 9.40171 9.40171 55.5556 67.094
79.4872 85.4701 90.5983 90.5983 90.5983 90.5983 90.5983 61.1111 36.7521
24.7863 15.812 11.5385 11.1111 8.11966 7.26496 7.26496;
AUDIO/e9.wav 58.1197 58.9744 58.9744 58.9744 58.9744 58.9744 58.9744
58.9744 58.9744 58.9744 58.9744 60.2564 52.1368 49.1453 49.1453 49.1453
49.1453 49.1453 49.1453 56.8376 67.5214 67.9487 67.9487 67.9487 67.9487
67.9487 67.9487 67.9487 67.9487 72.6496 75.641 75.641 75.641 75.641
75.641 75.641 75.641 75.641 78.2051 82.0513 86.7521 86.7521 86.7521
86.7521 86.7521 86.7521 86.7521 86.7521 86.7521 86.7521 89.3162 89.7436
92.735 94.0171 94.0171 94.0171 94.0171 94.0171 94.0171 94.0171 94.0171
;
AUDIO/e10.wav 53.4188 70.0855 79.9145 88.4615 88.4615 88.4615 88.4615
88.4615 88.4615 88.8889 91.0256 91.8803 91.8803 91.8803 91.8803 91.8803
91.8803 91.8803 69.2308 10.2564 0 10.2564 10.2564 10.2564 10.2564 10.2564
10.2564 10.2564 10.2564 10.2564 10.2564 11.5385 18.3761 18.3761 18.3761
18.3761 18.3761 18.3761 29.4872 51.7094 55.5556 55.5556 55.5556 55.5556
55.5556 55.5556 55.5556 55.5556 63.2479 73.9316 76.4957 76.4957 76.4957
76.4957 76.4957 76.4957 76.4957 76.4957 76.4957 76.4957 76.4957;
AUDIO/e11.wav 52.9915 57.6923 57.6923 59.4017 59.4017 59.4017 59.4017
59.4017 59.4017 59.4017 59.4017 59.4017 59.4017 61.1111 62.3932 62.3932
62.3932 62.3932 62.3932 62.3932 64.9573 66.2393 66.2393 66.2393 66.2393
66.2393 66.2393 66.2393 66.2393 66.2393 66.2393 66.6667 66.6667 66.6667
67.5214 67.5214 67.5214 67.5214 67.5214 67.5214 67.5214 72.6496 72.6496
72.6496 72.6496 72.6496 72.6496 72.6496 72.6496 60.2564 48.2906 40.1709
39.3162 39.3162 39.3162 38.4615 38.4615 38.4615 38.4615 38.4615 38.4615
;
AUDIO/e12.wav 22.6496 14.1026 9.82906 5.55556 5.55556 5.98291 5.98291
5.98291 5.98291 5.98291 7.69231 12.3932 12.3932 12.3932 12.3932 12.3932
12.3932 12.3932 10.2564 2.5641 2.5641 2.5641 2.5641 2.5641 2.5641 2.5641
2.5641 2.5641 2.5641 2.5641 2.5641 2.5641 2.5641 2.5641 2.5641 2.5641
2.5641 2.5641 2.5641 2.5641 5.55556 14.1026 14.1026 14.1026 14.1026
14.1026 14.1026 14.1026 14.1026 12.3932 2.99145 2.5641 2.5641 2.5641
2.5641 2.5641 2.5641 2.5641 2.5641 2.5641 2.5641;
