AUDIO/e1.wav 50 50 50 50 50 50 50 50.8547 50.8547 50.8547 51.7094 51.7094
51.7094 52.1368 52.1368 52.1368 52.1368 52.1368 52.1368 52.1368 54.2735
54.7009 54.7009 54.7009 54.7009 54.7009 54.7009 54.7009 55.1282 55.1282
55.1282 55.5556 55.9829 55.9829 55.9829 55.9829 55.9829 55.9829 55.9829
55.9829 54.7009 50 47.4359 45.7265 45.7265 46.1538 46.1538 46.1538
45.7265 45.7265 45.7265 47.8632 50.8547 50.8547 50.8547 50.8547;
AUDIO/e2.wav 50 50 50 50 50 50.4273 50 47.8632 47.4359 47.4359 46.1538
46.1538 45.7265 45.7265 45.7265 45.7265 45.7265 45.7265 45.7265 52.1368
54.7009 57.265 58.547 58.9744 58.9744 58.1197 58.1197 56.4103 56.4103
56.4103 56.4103 56.4103 58.547 59.8291 59.8291 59.8291 59.8291 59.8291
59.4017 59.4017 59.4017 61.1111 61.9658 61.9658 61.9658 61.9658 61.9658
61.9658 61.9658 61.9658 61.9658 61.9658 61.9658 61.9658 61.9658 61.9658
55.1282 51.7094 50.4273 47.8632 45.2991 44.0171 44.0171 45.7265 46.1538
47.0085 47.4359 47.8632 47.8632 47.8632 50 50.8547 51.2821 50.4273
50 50 50 50 50 50 50 54.2735 55.1282 56.4103 56.4103 55.9829 55.9829
55.9829 55.9829 55.9829 55.9829 55.9829 55.9829 55.9829 55.9829 55.9829
55.9829 55.9829 55.9829 55.9829 55.9829;
AUDIO/e3.wav 50 50 50 50 50.4273 58.1197 58.547 58.547 58.547 58.547
59.8291 62.3932 62.3932 62.3932 62.3932 62.3932 62.3932 62.3932 62.3932
62.3932 62.3932 65.3846 65.812 65.812 65.812 65.812 65.812 65.812 65.812
65.812 65.812 65.812 65.3846 64.5299 63.6752 63.6752 63.2479 62.8205
62.8205 62.8205 62.8205 62.8205 62.3932 62.3932 62.3932 62.3932 61.5385
61.1111 59.4017 58.547 58.547 56.8376 56.4103 56.4103 56.4103 56.4103
;
AUDIO/e4.wav 50 50 50.4273 52.9915 59.4017 63.2479 63.6752 64.5299
64.9573 64.1026 62.3932 57.6923 50 50 48.7179 48.2906 47.0085 46.1538
44.8718 44.4444 45.2991 45.2991 47.0085 47.4359 47.8632 47.8632 47.8632
47.8632 47.8632 49.5727 60.6838 62.3932 63.6752 63.6752 61.1111 61.1111
61.1111 61.1111 61.1111 58.1197 56.4103 60.2564 65.812 66.6667 66.6667
66.2393 65.812 61.5385 57.6923 55.9829 52.9915 50.4273 49.5727 48.7179
47.8632 47.8632 47.0085 46.5812 46.5812 46.5812 46.5812;
AUDIO/e5.wav 54.7009 58.547 64.9573 71.3675 73.0769 74.359 73.5043
71.7949 67.9487 68.3761 74.7863 76.0684 77.3504 77.7778 77.7778 77.7778
77.3504 76.9231 76.4957 76.0684 74.7863 74.359 74.359 77.3504 78.6325
78.6325 78.6325 78.6325 78.6325 78.2051 76.4957 75.641 74.7863 74.7863
74.7863 74.7863 74.7863 74.7863 75.641 75.641 75.641 76.9231 77.3504
77.3504 77.3504 76.9231 76.9231 76.4957 76.4957 76.4957 76.4957 71.3675
69.2308 68.8034 67.9487 67.5214 67.5214 67.5214 66.6667 65.812 64.5299
62.8205 61.5385 60.2564 60.2564 59.8291 59.8291 59.8291 59.8291 59.8291
59.8291;
AUDIO/e6.wav 52.9915 54.2735 58.547 62.8205 65.3846 65.812 65.812 66.6667
66.6667 66.6667 66.6667 66.6667 68.3761 69.6581 69.6581 69.6581 69.6581
69.6581 69.6581 67.9487 64.9573 63.6752 63.2479 63.2479 63.2479 63.2479
63.2479 63.2479 63.6752 63.6752 63.6752 64.5299 68.3761 68.8034 68.8034
68.8034 68.8034 68.8034 68.8034 68.8034 68.8034 68.8034 69.2308 71.3675
72.2222 72.2222 72.2222 72.2222 72.2222 72.2222 72.2222;
AUDIO/e7.wav 50 50 50 50 50 50 50 50 50.4273 56.4103 57.6923 57.6923
57.6923 57.6923 57.6923 57.6923 57.6923 57.6923 57.6923 57.6923 57.6923
54.2735 50 50.4273 61.5385 61.9658 62.8205 62.8205 62.8205 62.8205
62.8205 62.8205 62.3932 61.1111 57.265 54.7009 53.8462 53.4188 52.9915
52.9915 52.5641 57.6923 58.9744 59.4017 59.4017 59.4017 59.4017 59.4017
59.4017 59.4017 59.4017 54.7009 47.8632 47.8632 47.8632 47.8632;
AUDIO/e8.wav 50 50.4273 51.2821 51.7094 52.1368 52.1368 52.1368 52.1368
52.1368 52.1368 50.4273 41.8803 39.7436 39.7436 39.7436 39.7436 40.1709
40.1709 40.1709 42.3077 45.7265 47.4359 49.5727 51.2821 52.1368 52.5641
52.5641 52.5641 52.5641 52.5641 52.5641 52.5641 52.5641 52.5641 52.5641
52.5641 52.5641 52.5641 52.5641 56.4103 58.1197 58.9744 59.4017 59.4017
59.4017 59.4017 59.4017 59.4017 59.4017 59.8291 59.8291 59.8291 59.8291
61.5385 61.9658 61.9658 61.9658 61.9658 54.2735 50 48.2906 47.8632
47.8632 47.8632 47.8632 50.8547 58.1197 59.4017 59.4017 59.4017 59.4017
59.4017 59.4017 59.4017 59.4017 59.4017 59.4017 59.4017 59.4017 59.4017
59.4017 54.7009 50.8547 50 47.0085 46.5812 46.1538 44.4444 44.0171
44.0171 44.8718 55.9829 57.265 57.6923 57.6923 57.6923;
AUDIO/e9.wav 52.1368 58.1197 58.9744 60.6838 61.1111 61.1111 61.1111
60.6838 60.2564 58.9744 53.4188 52.1368 52.1368 52.1368 52.1368 52.1368
52.1368 52.1368 51.7094 51.7094 51.7094 49.1453 48.7179 48.7179 48.7179
48.7179 48.7179 48.7179 48.7179 48.2906 48.2906 47.4359 45.7265 43.5897
41.8803 41.0256 41.0256 41.0256 41.0256 50 51.7094 52.5641 52.9915
54.2735 55.1282 55.5556 55.9829 55.9829 56.4103 56.4103 56.4103 55.1282
54.2735 51.2821 51.2821 50.8547 49.1453 49.1453 49.1453 49.1453 49.1453
;
AUDIO/e10.wav 50 50 50 50 50 50 50 50 49.5727 49.5727 49.5727 48.2906
47.8632 47.8632 56.8376 56.8376 59.4017 59.4017 58.547 58.547 58.1197
53.8462 51.7094 46.5812 46.1538 46.1538 46.1538 45.7265 45.7265 45.7265
46.1538 46.5812 49.5727 51.7094 53.8462 53.8462 53.8462 53.4188 53.4188
53.4188 53.4188 53.4188 55.1282 56.8376 56.8376 56.8376 56.8376 56.8376
56.4103 56.4103 56.4103 56.4103 55.9829 55.9829 56.4103 57.265 57.265
57.265 56.8376 56.8376 56.8376;
AUDIO/e11.wav 50 50 52.1368 52.9915 53.4188 55.5556 55.9829 55.9829
55.9829 55.9829 55.1282 53.4188 52.1368 49.1453 48.7179 47.4359 46.1538
46.1538 47.0085 50.8547 52.5641 53.8462 53.8462 54.2735 54.2735 54.7009
55.1282 55.1282 55.1282 55.1282 55.1282 55.1282 55.1282 54.7009 54.7009
54.2735 54.2735 54.2735 54.2735 54.2735 54.2735 52.5641 48.7179 47.4359
47.4359 47.4359 47.4359 47.4359 47.4359 47.4359 46.5812 45.7265 45.7265
45.7265 45.7265 45.7265 45.7265 45.7265 45.7265 45.7265 45.7265;
AUDIO/e12.wav 50 50 50 50.4273 50.4273 50.4273 51.7094 52.1368 52.5641
52.9915 52.9915 52.9915 53.4188 53.4188 53.8462 54.2735 54.2735 54.2735
54.2735 54.2735 53.4188 47.0085 44.4444 41.8803 40.5983 40.1709 40.1709
40.1709 39.7436 41.453 44.8718 45.7265 46.1538 47.4359 48.7179 48.7179
48.7179 48.7179 48.2906 48.2906 48.2906 47.0085 45.2991 45.2991 44.8718
48.7179 50 50 50.4273 51.2821 51.2821 51.2821 51.2821 51.2821 51.2821
51.2821 51.2821 51.2821 51.2821 51.2821 51.2821;
