AUDIOe1.wav 50 48.7179 48.7179 50 50.8547 50.8547 50.8547 50.8547 51.7094 52.1368 52.1368 
52.9915 66.6667 67.9487 64.5299 64.1026 64.1026 64.1026 64.1026 67.9487
73.9316 73.0769 72.6496 72.6496 72.6496 72.6496 72.6496 72.6496 72.6496
72.6496 71.3675 71.3675 69.2308 69.2308 69.2308 69.2308 69.2308 63.6752 
61.5385 61.5385 61.5385 61.5385 61.5385 61.5385 61.5385 61.5385 61.5385 
57.6923 53.4188 53.4188 52.1368 51.2821 49.5727 49.1453 50 50.4273 
AUDIOe2.wav 49.5727 49.5727 49.5727 49.5727 49.5727 49.5727 49.5727 49.5727 50.4273 55.1282 59.4017 
63.6752 64.9573 64.9573 64.9573 64.9573 64.9573 64.9573 64.9573 64.9573
63.2479 59.4017 58.9744 58.9744 58.9744 58.9744 58.9744 58.9744 58.9744 
58.9744 58.9744 58.9744 58.9744 58.547 58.547 58.547 58.547 55.9829
55.5556 55.5556 64.5299 68.3761 68.3761 67.9487 67.9487 67.9487 67.9487
67.9487 67.5214 55.1282 52.1368 51.2821 49.1453 47.4359 47.4359 47.8632
47.8632 47.8632 47.8632 47.8632 47.8632 47.8632 57.6923 61.5385 60.2564 
61.9658 64.5299 64.5299 60.2564 50.4273 47.4359 47.4359 47.8632 48.2906 
48.2906 48.2906 48.2906 48.2906 48.2906 48.2906 57.265 68.3761 71.7949 
71.3675 70.0855 67.5214 65.3846 65.3846 65.3846 68.3761 68.3761 68.3761 
68.3761 68.3761 68.3761 68.3761 68.3761 68.3761 68.3761 68.3761 68.3761 
AUDIOe3.wav 55.5556 62.3932 64.9573 66.2393 66.6667 67.5214 67.9487 67.094 67.094 70.0855 
71.7949 71.7949 73.9316 75.2137 75.2137 75.2137 75.2137 75.2137 75.2137 
76.0684 79.9145 85.0427 85.0427 84.6154 84.6154 84.6154 84.6154 84.6154 
84.188 78.6325 75.641 71.3675 68.3761 68.3761 68.8034 69.6581 69.6581 
69.6581 69.6581 69.6581 69.6581 68.8034 68.8034 68.8034 68.8034 68.8034 
68.8034 68.8034 64.9573 63.2479 62.8205 63.2479 66.2393 73.9316 74.359 
AUDIOe4.wav 57.6923 73.0769 78.2051 78.2051 77.3504 76.9231 76.9231 76.9231 75.2137 71.7949
70.9402 68.3761 65.3846 65.3846 65.3846 65.3846 65.3846 65.3846 65.3846 65.3846 64.9573 
58.9744 56.4103 53.8462 51.2821 51.2821 51.2821 51.2821 51.2821 55.5556 67.5214 68.3761 
69.6581 72.2222 72.6496 72.6496 72.6496 72.6496 72.6496 73.0769 77.7778 79.4872 79.4872 
79.4872 79.4872 79.4872 79.4872 79.0598 71.7949 62.8205 61.1111 61.1111 61.5385
61.5385 61.5385 58.9744 44.0171 42.735 43.1624 46.5812 46.5812 
AUDIOe5.wav 61.9658 65.3846 65.812 67.9487 67.9487 67.9487 67.9487 67.9487 67.9487 70.9402 
76.4957 77.3504 77.7778 77.7778 77.3504 77.3504 77.3504 77.3504 77.3504 77.3504 77.3504 77.3504 
67.5214 61.9658 63.2479 63.6752 63.6752 63.6752 63.6752 63.6752 63.6752 68.8034 
74.7863 78.2051 79.0598 79.0598 79.4872 79.4872 79.0598 79.0598 79.0598 79.0598 79.0598
69.6581 67.094 64.5299 64.5299 65.3846 65.3846 65.3846 68.8034 76.4957 77.3504 77.3504 77.3504 77.3504 77.3504 77.3504 
69.6581 54.7009 49.1453 49.1453 51.2821 52.5641 52.5641 52.5641 52.5641 52.5641 52.5641 52.5641 52.5641 
AUDIOe6.wav 48.7179 48.2906 48.2906 48.2906 48.2906 48.2906 48.2906 48.2906 48.2906 51.7094
63.2479 62.3932 61.9658 61.9658 61.9658 61.9658 61.9658 61.9658 61.9658 
53.4188 47.0085 45.2991 45.2991 46.1538 46.1538 46.1538 46.1538 46.1538 46.1538 46.1538 47.4359 52.9915 53.8462 
58.547 67.5214 71.3675 71.3675 71.3675 71.3675 71.3675 71.3675 71.3675 
59.4017 58.1197 58.9744 59.4017 59.4017 59.4017 59.4017 59.4017 59.4017 
AUDIOe7.wav 49.1453 53.8462 52.9915 52.1368 52.1368 52.5641 52.5641 52.5641 52.9915 55.9829 
68.8034 67.5214 67.094 67.094 67.094 67.094 67.094 67.094 67.094 69.6581 
76.4957 76.4957 76.9231 76.4957 76.4957 76.4957 76.4957 76.4957 76.4957 76.0684 
61.1111 55.5556 55.5556 55.9829 56.4103 56.8376 56.8376 56.8376 56.8376 56.8376 
68.8034 73.9316 73.0769 72.6496 72.6496 72.6496 72.6496 72.6496 72.6496 71.3675 
54.7009 50.4273 47.4359 47.0085 48.7179 48.7179 
AUDIOe8.wav 50 50 50 50 50 50 50 50 50 50 50 56.8376 60.6838 63.2479 64.5299 65.3846 64.9573 64.9573 64.9573 64.9573 64.9573 64.9573 
71.3675 75.2137 74.7863 74.7863 74.7863 74.7863 74.7863 74.7863 70.9402 
64.5299 62.8205 61.9658 61.9658 61.9658 61.9658 61.9658 61.9658 63.2479 
70.9402 74.7863 75.2137 75.2137 74.359 73.9316 73.5043 73.5043 73.0769 
56.4103 50.8547 49.1453 47.0085 47.4359 47.8632 47.8632 47.8632 47.8632 47.8632 47.8632 47.8632 47.8632 47.4359 52.1368 
57.6923 64.1026 64.5299 63.6752 63.6752 59.4017 
51.7094 48.7179 48.7179 48.7179 48.7179 48.7179 48.7179 48.7179 48.7179 48.7179 55.5556 
64.9573 65.3846 65.3846 69.2308 68.8034 68.3761 
55.9829 49.5727 46.1538 46.1538 47.0085 47.4359 47.4359 47.4359 47.4359 
AUDIOe9.wav 58.1197 62.3932 66.6667 70.0855 70.0855 69.6581 69.6581 69.6581 69.6581 69.6581
68.3761 61.5385 53.8462 53.4188 53.8462 53.8462 53.8462 53.8462 53.8462 53.8462 
61.1111 64.1026 64.5299 65.3846 68.8034 69.6581 69.6581 69.6581 70.9402 74.359 78.6325 
79.0598 79.0598 79.0598 78.6325 78.6325 78.6325 78.6325 78.6325 78.6325 78.6325 78.6325 
78.6325 78.2051 78.2051 78.2051 78.2051 78.2051 78.2051 78.2051 78.2051 78.2051 
77.7778 77.7778 77.7778 77.7778 77.3504 77.3504 77.3504 77.3504 77.3504  
AUDIOe10.wav 66.2393 70.9402 70.9402 70.9402 70.9402 70.9402 70.9402 70.9402 70.9402 70.9402 
71.3675 76.4957 80.3419 81.1966 81.1966 81.1966 81.1966 81.1966 81.1966 
72.6496 66.6667 55.5556 50.8547 50.4273 50.8547 51.2821 51.2821 51.2821 
58.1197 67.094 67.9487 68.8034 68.8034 68.3761 68.3761 68.3761 68.3761 68.3761 68.3761
72.6496 79.9145 80.7692 80.7692 80.7692 80.3419 80.3419 80.3419 79.9145 79.9145 79.9145 
79.9145 72.2222 72.2222 67.094 67.094 67.5214 67.5214 67.5214 67.5214 67.5214 67.5214  
AUDIOe11.wav 50.4273 57.265 67.094 74.359 73.9316 73.5043 73.5043 72.6496 72.6496 72.6496
70.0855 69.2308 68.8034 67.9487 67.094 67.094 67.094 67.094 67.094 67.094 73.0769 
75.2137 75.2137 74.7863 74.359 74.359 74.359 75.2137 77.7778 81.6239 80.7692 
80.7692 80.7692 80.7692 80.7692 80.7692 79.9145 77.3504 69.2308 67.9487 
67.094 67.5214 67.5214 67.5214 67.5214 67.5214 67.5214 67.5214 64.1026 57.265 56.4103 
55.9829 55.9829 55.9829 55.9829 55.9829 55.9829 55.9829 56.4103 56.4103 56.4103  
AUDIOe12.wav 51.7094 53.8462 60.6838 67.5214 67.9487 67.5214 67.5214 67.5214 67.5214 67.5214 67.5214 67.5214 
56.8376 48.7179 50.4273 50.8547 50.8547 50.8547 50.8547 50.8547 50.8547 50.8547 52.1368 
65.3846 67.5214 67.5214 67.094 66.6667 66.6667 66.6667 66.6667 66.6667 66.6667 66.6667 
72.2222 73.0769 75.641 79.9145 79.9145 79.9145 79.9145 79.9145 79.4872 69.6581 
54.7009 51.7094 50.8547 50.4273 50 49.5727 49.5727 50.4273 50.4273 50.4273 50.4273 