AUDIOe1.wav 49.5727 49.5727 49.5727 49.5727 49.5727 49.1453 50.4273 
55.1282 57.265 61.9658 62.3932 62.3932 61.9658 61.5385 61.5385 61.5385 61.5385 62.3932
65.812 70.5128 73.5043 73.9316 73.9316 73.5043 73.0769 73.0769 73.0769 74.359 
76.4957 79.9145 82.4786 82.4786 82.4786 82.4786 82.4786 82.4786 82.4786 82.906 85.0427 
86.7521 88.8889 89.3162 89.3162 89.3162 89.3162 89.3162 89.3162 88.8889 88.8889 
78.6325 60.6838 44.8718 42.735 42.735 42.735 43.1624 
AUDIOe2.wav 52.5641 52.5641 52.5641 52.5641 52.5641 52.5641 52.5641 52.5641 51.7094 52.5641 
55.1282 57.265 59.4017 59.4017 59.4017 59.4017 59.4017 59.4017 70.5128 
71.7949 71.7949 71.7949 71.7949 71.7949 71.7949 71.7949 71.7949 72.2222 
74.7863 75.2137 78.2051 78.2051 78.2051 78.2051 78.2051 78.2051 78.2051 77.3504 77.3504 
77.7778 80.3419 82.906 84.6154 85.0427 85.0427 85.0427 85.0427 85.0427 85.4701 80.7692 76.4957 
56.4103 49.5727 46.1538 42.735 42.735 43.5897 43.5897 43.5897 43.5897 43.5897 
47.4359 58.1197 63.2479 65.812 66.2393 58.1197 49.5727 43.5897 
36.7521 35.0427 37.1795 38.0342 38.0342 38.0342 37.6068 37.6068 37.6068 37.6068 37.6068 44.4444 47.4359 
64.5299 75.641 76.4957 76.4957 73.5043 67.9487 75.641 76.9231 76.9231 76.9231 76.9231 76.9231 76.9231 76.9231 76.9231 76.9231 74.7863 74.7863 74.7863 
AUDIOe3.wav 50.4273 50.4273 50.4273 50.4273 50.4273 50.4273 50.8547 52.5641 52.9915 52.9915 53.4188 
56.8376 58.547 58.547 58.547 58.547 59.8291 62.8205 65.812 65.812 65.812 65.812 
68.3761 69.2308 69.2308 69.2308 69.2308 69.2308 69.2308 69.6581 
70.9402 70.9402 70.9402 70.9402 70.9402 70.9402 70.9402 70.9402 71.3675 
71.7949 71.7949 71.7949 71.7949 71.7949 71.7949 71.7949 71.7949 71.7949 71.7949 
72.2222 73.9316 74.359 75.2137 76.0684 76.4957 76.9231 
AUDIOe4.wav 50.4273 50.8547 52.9915 53.4188 53.4188 53.4188 53.4188 53.4188 53.4188 56.8376 
59.4017 59.8291 59.8291 59.8291 59.8291 59.8291 59.8291 59.8291 59.8291 58.547 50 
42.3077 40.1709 39.3162 40.1709 41.0256 41.8803 42.3077 42.3077 42.3077 43.1624 46.1538 
46.5812 47.0085 52.5641 52.5641 52.5641 52.5641 57.6923 60.2564 61.1111 
61.5385 61.5385 61.5385 61.5385 61.5385 61.5385 62.8205 65.812 66.6667 
67.5214 68.3761 69.2308 69.2308 69.2308 69.2308 69.2308 69.2308 69.2308 69.2308 69.2308 
AUDIOe5.wav 49.5727 50 60.2564 62.3932 62.3932 62.3932 61.9658 61.9658 62.3932 64.1026 73.0769 75.2137 74.7863 74.7863 74.7863 74.7863 75.641 77.7778 81.1966 82.906 
86.7521 86.7521 86.3248 86.3248 86.3248 86.3248 86.3248 86.3248 87.6068 87.6068  88.0342 82.4786 76.4957 71.3675 
67.9487 67.9487 67.9487 69.2308 70.0855 76.9231 81.1966 83.7607 84.188 84.188 84.6154 85.8974 87.1795 86.3248 
88.0342 91.0256 92.735 92.735 93.1624 93.1624 94.0171 94.0171 94.0171 94.0171 84.6154 
62.8205 54.7009 50.4273 46.1538 38.4615 38.0342 38.4615 38.4615 38.4615 38.4615 38.4615 38.4615  
AUDIOe6.wav 50 48.7179 48.7179 48.7179 48.7179 48.7179 48.2906 48.2906 48.2906 48.2906 49.1453 50.4273 
55.9829 68.8034 70.0855 70.0855 69.6581 69.2308 69.2308 69.2308 70.9402 78.2051 79.0598 
78.6325 78.6325 78.6325 78.6325 78.6325 78.6325 78.6325 78.6325 78.6325 78.6325 78.6325 
78.6325 78.6325 78.6325 78.6325 78.6325 78.6325 78.6325 78.6325 78.6325 78.6325 78.6325 
68.6325 68.6325 68.6325 68.6325 68.6325 68.6325 
AUDIOe7.wav 50.4273 50.4273 50.4273 50.4273 50.4273 50.4273 50.8547 54.2735 54.7009 
59.4017 65.3846 65.3846 65.3846 65.3846 65.3846 65.3846 65.3846 65.3846 65.3846 65.3846 
67.094 69.6581 69.6581 69.6581 69.6581 69.6581 69.6581 69.6581 73.0769 74.7863 74.7863 
74.7863 74.7863 74.7863 74.7863 74.7863 74.7863 74.7863 76.9231 77.7778 
77.7778 77.7778 77.7778 77.7778 77.7778 77.7778 77.7778 77.3504 76.4957 76.0684 75.641 73.9316 
66.2393 58.547 55.5556 55.1282 
AUDIOe8.wav 51.7094 51.7094 51.7094 51.7094 51.7094 51.7094 51.7094 51.7094 57.6923 
60.6838 60.6838 61.1111 61.5385 61.5385 61.5385 61.5385 61.5385 61.5385 61.5385 61.5385 
69.2308 73.0769 73.5043 73.5043 72.6496 72.6496 72.6496 73.0769 73.0769 73.0769 70.9402 
68.8034 67.9487 67.9487 67.9487 67.9487 67.9487 67.9487 71.7949 74.359 
78.6325 79.9145 80.7692 80.3419 80.3419 80.3419 80.3419 79.4872 79.0598 67.9487 
58.9744 57.6923 57.6923 56.4103 52.1368 49.5727 49.1453 49.1453 52.9915 61.9658 
66.2393 70.5128 73.0769 73.5043 73.9316 73.9316 73.5043 67.9487 56.8376 54.2735 
50.4273 43.1624 38.0342 38.0342 38.0342 38.0342 38.0342 43.1624 63.6752 
70.9402 72.6496 73.5043 73.5043 73.0769 73.0769 73.0769 73.0769 69.2308 
53.4188 46.5812 43.1624 41.8803 41.8803 41.8803 40.5983 38.8889 
AUDIOe9.wav 56.8376 63.2479 68.3761 70.0855 70.9402 70.9402 70.9402 70.9402 70.9402 
65.3846 64.5299 64.5299 63.2479 62.3932 61.5385 60.6838 60.6838 60.6838 60.6838 60.6838 
67.094 68.8034 72.2222 74.359 74.359 74.359 74.359 73.9316 72.6496 72.2222 74.359 
79.0598 79.0598 78.2051 79.4872 80.3419 80.3419 79.9145 82.0513 83.3333 83.3333 83.3333 83.3333 
82.906 82.906 82.0513 80.3419 82.4786 83.7607 91.0256 92.735 92.735 
92.735 92.735 92.735 93.5897 95.2991 95.7265 95.2991 95.2991 94.8718  
AUDIOe10.wav 53.4188 53.4188 53.4188 53.4188 52.5641 52.1368 52.1368 52.5641 53.4188 56.4103 58.547 
60.6838 62.3932 64.1026 64.5299 64.5299 64.5299 64.5299 64.1026 59.8291 56.8376 
54.2735 49.5727 42.3077 41.8803 41.8803 41.8803 44.8718 48.2906 50 53.8462 56.4103 
57.265 57.265 57.6923 58.547 59.4017 59.8291 60.6838 61.9658 63.2479 64.5299 
67.5214 68.3761 68.8034 68.8034 68.8034 69.2308 72.2222 76.0684 78.2051 
80.3419 82.906 82.906 82.906 82.906 82.906 82.906 82.906 82.906 82.906 
AUDIOe11.wav 50 50.8547 50.8547 50.8547 50.8547 50.8547 50.8547 50.8547 50.8547 57.265 
63.6752 64.1026 64.1026 64.1026 64.1026 64.1026 64.1026 66.6667 
70.0855 70.5128 70.5128 70.5128 70.5128 70.5128 70.5128 70.5128 70.5128 70.5128 70.5128 70.5128 
72.2222 73.5043 74.359 75.2137 75.641 75.641 75.641 75.641 74.7863 69.2308 67.9487 67.9487 
66.2393 64.5299 61.5385 59.8291 59.4017 59.8291 59.4017 58.9744 47.0085 
48.2906 49.5727 49.5727 49.5727 49.5727 49.5727 49.5727 49.5727 49.5727 49.5727 
AUDIOe12.wav 50 50 50 50 50 50 50 50.4273 51.2821 51.2821 51.2821 51.2821 51.2821 51.7094 52.1368 52.1368 52.1368 52.1368 52.1368 
52.1368 52.1368 52.1368 52.1368 53.4188 53.4188 50 45.2991 
41.453 41.8803 44.0171 46.1538 46.1538 46.1538 44.8718 44.0171 
44.8718 47.8632 49.5727 50.8547 52.1368 54.2735 54.7009 57.265 58.547 58.547 55.5556 54.2735 
53.8462 53.8462 56.8376 58.1197 58.547 58.547 58.547 58.547 58.547 58.547 58.547 58.547 58.547 58.547 